0
0.003942649
0.015708419
0.035111757
0.06184666
0.095491503
0.135515686
0.181288005
0.232086603
0.287110354
0.345491503
0.406309343
0.46860474
0.53139526
0.593690657
0.654508497
0.712889646
0.767913397
0.818711995
0.864484314
0.904508497
0.93815334
0.964888243
0.984291581
0.996057351
1
0.996057351
0.984291581
0.964888243
0.93815334
0.904508497
0.864484314
0.818711995
0.767913397
0.712889646
0.654508497
0.593690657
0.53139526
0.46860474
0.406309343
0.345491503
0.287110354
0.232086603
0.181288005
0.135515686
0.095491503
0.06184666
0.035111757
0.015708419
0.003942649
0
